classification_ARO_evaluation:
10005.259948730469
9972.089973449707
9988.269905090332
9985.66999053955
9963.250030517578
9956.170036315918
9951.130027770996
9969.369979858398
9959.500061035156
9975.959976196289
9969.280044555664
9967.919937133789
9973.76008605957
9957.609939575195
9998.870056152344
10030.599990844727
10066.92007446289
10049.22004699707
10006.130012512207
10015.9799118042
9992.67000579834
9977.779991149902
9994.569969177246
9974.990028381348
10011.730056762695
10037.229957580566
10028.910026550293
10057.429969787598
10072.360000610352
10047.830032348633
10021.569969177246
10140.659973144531
10177.440063476562
10200.519958496094
10227.100036621094
10238.430114746094
10252.879920959473
10224.779975891113
10219.679985046387
10195.679985046387
10199.920036315918
10192.619956970215
10177.459922790527
10172.619987487793
10165.039916992188
10170.160011291504
10128.939933776855
10131.470054626465
10133.580078125
10123.27995300293
10109.02995300293
10080.73006439209
10050.479972839355
10024.370079040527
10014.889991760254
10022.4800491333
10073.480056762695
10117.600006103516
10124.429962158203
10171.120040893555
10190.830062866211
10179.789993286133
10141.819938659668
10096.870018005371
10082.979957580566
10098.390083312988
10060.83000946045
10034.329978942871
10018.89013671875
10037.019989013672
10065.720077514648
10061.129974365234
10083.709991455078
10028.869995117188
10042.979942321777
10089.340118408203
10191.820098876953
10225.420112609863
10253.400093078613
10265.180130004883
10254.880081176758
10225.419982910156
10246.23998260498
10240.840065002441
10231.330062866211
10165.110092163086
10104.550086975098
10160.370140075684
10102.840057373047
10015.480018615723
10004.730033874512
10035.250099182129
10078.130126953125
10107.510032653809
10172.010009765625
10216.430061340332
10254.11009979248
10269.100090026855
10298.380058288574
10389.430030822754
10431.300018310547
10421.85001373291
10483.759956359863
10552.180015563965
10568.700057983398
10601.090034484863
10581.830108642578
10613.300048828125
10631.990142822266
10643.140022277832
10646.299964904785
10637.460014343262
10626.260116577148
10624.760063171387
10612.570007324219
10600.6801071167
10588.77993774414
10585.760055541992
10605.809921264648
10598.189987182617
10606.840049743652
10604.339988708496
10601.600036621094
10590.77995300293
10580.740036010742
10609.410034179688
10645.179916381836
10644.88003540039
10650.4599609375
10664.440124511719
10676.609954833984
10690.879928588867
10668.0599899292
10666.150123596191
10728.240036010742
10748.370002746582
10772.030059814453
10753.169967651367
10770.540046691895
10760.650032043457
10769.63990020752
10764.650047302246
10772.76001739502
10803.649940490723
10834.48999786377
10771.09008026123
10768.039985656738
10764.950004577637
10745.37996673584
10752.46997833252
10752.819961547852
10779.519943237305
10816.190017700195
10844.979927062988
10852.11003112793
10878.3798828125
10973.02995300293
10877.910064697266
10900.609939575195
10851.919952392578
10911.199981689453
10937.520011901855
10959.42000579834
10965.83991241455
10984.949928283691
11009.149940490723
11008.340065002441
11012.420127868652
11025.809944152832
11031.040023803711
11009.420051574707
11047.999877929688
11036.31990814209
11010.400024414062
11029.20989227295
11068.899887084961
11110.980087280273
11181.560073852539
11176.349952697754
11203.520042419434
11216.060005187988
11153.929946899414
11152.990051269531
11178.799880981445
11193.25991821289
11211.959976196289
11205.879898071289
11202.21997833252
11211.819923400879
11253.020004272461
11182.96981048584
11165.840042114258
11159.209899902344
11175.839965820312
11192.9599609375
11181.019958496094
11143.199981689453
11134.449798583984
11171.079788208008
11134.649856567383
11141.669876098633
11146.779876708984
11136.700012207031
11132.569869995117
11241.439865112305
11268.489936828613
11187.759941101074
11156.939895629883
11119.459899902344
11082.660034179688
11063.470001220703
11072.65007019043
11099.95979309082
11116.569885253906
11218.020004272461
11288.479797363281
11270.079933166504
11203.359962463379
11269.819793701172
11559.299797058105
11480.860023498535
11504.879844665527
11500.370010375977
11501.009887695312
11524.259796142578
11520.249938964844
11569.449844360352
11582.169952392578
11618.579902648926

classification_ARO_losses:
1.0222415924072266
1.0264281034469604
1.0053447484970093
0.7907298803329468
0.8750635385513306
0.9525567889213562
0.8216009140014648
1.3022183179855347
1.4746389389038086
1.1968024969100952

classification_ARO_total_time:
5582.638555765152

classification_ARO_times_per_stock:
Average time per stock = 558.2638555765152
541.9071350097656
464.91006088256836
525.5273690223694
545.4377720355988
595.1196773052216
584.0532159805298
522.8884589672089
558.296050786972
573.0433979034424
671.4554178714752
