classification_ARO_evaluation:
10036.569984436035
9935.589942932129
10023.299964904785
10022.770027160645
9934.460021972656
9963.860008239746
10004.460006713867
10049.560020446777
10090.220153808594
10068.080101013184
10012.609985351562
10028.959953308105
10009.600112915039
9964.2699508667
10094.589950561523
10249.32991027832
10411.259948730469
10393.199981689453
10384.160118103027
10440.87996673584
10392.48998260498
10295.490058898926
10268.680015563965
10098.16007232666
10101.300086975098
10295.949996948242
10206.89005279541
10327.329902648926
10320.130096435547
10253.159957885742
10097.280143737793
10287.970054626465
10276.190162658691
10236.569862365723
10230.209968566895
10197.630081176758
10105.490005493164
10088.27001953125
10211.96012878418
10079.650085449219
10079.530158996582
9923.319900512695
10005.98006439209
10132.839958190918
10136.199920654297
10336.149864196777
10153.909934997559
10208.829940795898
10218.220077514648
10368.479919433594
10427.799850463867
10508.160148620605
10431.749900817871
10445.040077209473
10250.599830627441
10324.710075378418
10393.68000793457
10427.559997558594
10363.469841003418
10479.210006713867
10481.02993774414
10385.599884033203
10383.839897155762
10392.299980163574
10152.530006408691
10138.820014953613
10075.779930114746
10066.450035095215
9985.170051574707
9943.979927062988
10135.000015258789
10095.069900512695
10177.569900512695
10054.319946289062
10129.349922180176
10097.060012817383
10226.540054321289
10310.350196838379
10361.6400680542
10446.790069580078
10422.810012817383
10318.449996948242
10340.409927368164
10300.05990600586
10275.730056762695
10146.550064086914
9997.239929199219
10281.679962158203
10216.810028076172
9975.899909973145
9992.439880371094
10078.630012512207
10157.69002532959
10204.750053405762
10428.289901733398
10451.320114135742
10526.890022277832
10577.380073547363
10616.349975585938
10736.690078735352
10722.050102233887
10766.299995422363
10897.779930114746
10970.349876403809
10890.920135498047
10980.540023803711
10957.070037841797
11031.739974975586
11063.24015045166
11053.089973449707
11057.079933166504
11060.92992401123
11074.54010772705
11015.639923095703
10947.109939575195
11000.60001373291
10955.490005493164
11129.09001159668
11089.099868774414
11081.899848937988
11142.990127563477
11070.400062561035
11145.92000579834
11214.749992370605
11167.380004882812
11182.879989624023
11270.999908447266
11280.4799118042
11292.030067443848
11291.200080871582
11255.439895629883
11262.979965209961
11268.259880065918
11235.060066223145
11156.299919128418
11063.849952697754
11082.809936523438
11078.690017700195
11156.699920654297
11273.660034179688
11317.599960327148
11436.379943847656
11446.789939880371
11441.590026855469
11380.810081481934
11449.330039978027
11549.770027160645
11624.89998626709
11627.400077819824
11754.859901428223
11789.029930114746
11834.320014953613
11881.309928894043
11956.190032958984
11777.999893188477
11773.1499710083
11900.09992980957
12057.830047607422
12216.699890136719
12166.699928283691
12332.349983215332
12366.659873962402
12445.830001831055
12233.689903259277
12366.740135192871
12359.0200881958
12323.700172424316
12248.670066833496
12281.380058288574
12403.609970092773
12419.790008544922
12426.50008392334
12341.750213623047
12307.429962158203
12286.900024414062
12325.719909667969
12298.18000793457
12213.159927368164
12205.089851379395
12196.699913024902
12246.590118408203
12244.890151977539
12208.48999786377
12271.769981384277
12326.950065612793
12330.739990234375
12419.950103759766
12357.479957580566
12383.170082092285
12462.240074157715
12361.849983215332
12380.040092468262
12416.770065307617
12383.640045166016
12340.40007019043
12352.930068969727
12365.700103759766
12461.040092468262
12589.769958496094
12586.250030517578
12680.960083007812
12727.640075683594
12669.230255126953
12706.170196533203
12823.730072021484
12882.020057678223
12736.130165100098
12748.720016479492
12698.019996643066
12646.51010131836
12556.810096740723
12656.28018951416
12697.830085754395
12489.51000213623
12908.310066223145
12912.98998260498
12869.27001953125
12804.790046691895
12861.98999786377
13104.694984436035
13051.555130004883
13214.215026855469
13234.655075073242
13248.695037841797
13223.085021972656
13184.305038452148
13201.07504272461
13274.435119628906
13378.765045166016

classification_ARO_losses:
1.4005192518234253
1.9196667671203613
1.4213773012161255
1.709360122680664
1.2278538942337036
1.1914455890655518
1.6700236797332764
1.9837872982025146
2.0175602436065674
1.4231774806976318

classification_ARO_total_time:
848.4051280021667

classification_ARO_times_per_stock:
Average time per stock = 84.84051280021667
94.07349705696106
61.85991406440735
76.12973380088806
71.88824510574341
87.69862198829651
85.25766515731812
113.4521152973175
84.46178412437439
99.86352324485779
73.72002816200256
