classification_ARO_evaluation:
10015.250137329102
9929.539962768555
9989.13996887207
9973.350067138672
9997.000061035156
10050.260276794434
10133.000045776367
10129.780212402344
10142.93025970459
10138.250198364258
10152.30012512207
10083.520278930664
10101.88028717041
10146.270202636719
10292.610298156738
10352.900245666504
10372.59008026123
10361.830070495605
10395.36003112793
10431.580001831055
10433.13996887207
10347.050086975098
10284.260116577148
9890.030075073242
9580.989944458008
9882.13998413086
9806.11001586914
9888.069900512695
9846.639839172363
9904.929931640625
9823.67007446289
9999.239967346191
9981.859855651855
9897.08975982666
9807.169776916504
9838.189582824707
9732.309646606445
9782.529815673828
9873.799835205078
9727.46989440918
9771.83992767334
9614.70955657959
9713.04973602295
9782.479797363281
9823.61978149414
9996.659492492676
10080.069641113281
10112.049644470215
10154.629692077637
10269.97972869873
10361.079750061035
10484.559661865234
10482.099716186523
10630.879615783691
10548.529762268066
10625.479858398438
10526.269905090332
10527.939727783203
10430.059852600098
10467.059684753418
10465.259666442871
10473.669784545898
10494.13981628418
10584.049926757812
10492.159866333008
10458.049850463867
10418.95972442627
10390.609855651855
10341.949760437012
10249.799758911133
10420.209823608398
10445.299697875977
10488.329803466797
10470.729965209961
10548.649711608887
10388.119789123535
10484.949729919434
10483.529884338379
10467.219734191895
10501.279777526855
10478.4497756958
10424.63988494873
10537.63957977295
10507.859634399414
10450.269744873047
10364.059783935547
10263.77961730957
10765.679595947266
10905.059761047363
10683.659423828125
10700.739418029785
10727.199485778809
10745.85961151123
10775.569526672363
10782.939590454102
10732.519485473633
10710.869415283203
10726.919311523438
10677.349380493164
10716.669342041016
10636.949432373047
10708.899337768555
10760.909317016602
10668.689163208008
10603.22932434082
10626.849235534668
10673.039031982422
10718.489074707031
10724.159072875977
10739.059066772461
10817.059097290039
10848.20891571045
10821.199020385742
10842.839050292969
10795.058967590332
10927.329116821289
10886.049087524414
10938.529190063477
10963.779174804688
10933.609031677246
11056.419136047363
11036.2992477417
11050.29914855957
11076.919120788574
11047.269088745117
10973.21915435791
11001.999031066895
10917.419006347656
11017.198837280273
10964.048965454102
10906.878982543945
10916.919052124023
10928.448867797852
10882.19906616211
10862.888931274414
10806.48892211914
10784.558883666992
10822.669052124023
10892.728973388672
10917.368942260742
10817.50910949707
10787.319061279297
10824.289070129395
10897.95915222168
10816.939109802246
10914.74909210205
10927.539031982422
10893.548858642578
10864.349029541016
10958.09912109375
10903.04889678955
10868.418830871582
10834.688873291016
10860.738830566406
10880.389030456543
10898.599006652832
10946.349021911621
11083.819328308105
11183.899223327637
11351.069114685059
11270.988945007324
11128.649208068848
11215.58918762207
11273.579147338867
11315.78921508789
11277.329147338867
11340.87939453125
11372.85945892334
11449.879264831543
11503.629112243652
11438.269180297852
11458.249122619629
11481.189079284668
11522.958824157715
11502.428924560547
11485.238708496094
11401.45881652832
11328.738845825195
11369.908668518066
11380.878700256348
11258.84878540039
11348.228866577148
11321.779029846191
11306.138893127441
11276.218757629395
11267.0689163208
11169.02889251709
11211.108863830566
11182.028968811035
11075.759002685547
11117.83901977539
11079.609024047852
10962.109008789062
10995.678985595703
11010.028915405273
10992.318954467773
11045.528884887695
11001.008804321289
11008.738784790039
11004.698776245117
10917.758750915527
10912.868675231934
10989.678565979004
10900.538558959961
10886.378646850586
10888.888694763184
11035.168510437012
11068.75853729248
11124.63850402832
11133.06859588623
11184.308609008789
11330.308692932129
11290.648551940918
11621.098670959473
12125.888542175293
12264.888496398926
12362.168449401855
12429.82837677002
12482.543365478516
12264.098335266113
12308.818145751953
12416.66830444336
12365.468299865723
12347.188316345215
12446.968154907227
12460.968124389648
12573.768295288086
12573.678321838379
12490.818336486816

classification_ARO_losses:
0.002018147613853216
0.005574689246714115
0.0025485544465482235
0.0030234195291996002
0.0017313417047262192
0.00112248829100281
0.0017864659894257784
0.0024092290550470352
0.00579534936696291
0.0033252162393182516

classification_ARO_total_time:
1765.6001064777374

classification_ARO_times_per_stock:
Average time per stock = 176.56001064777374
169.94634413719177
170.21268486976624
243.57950592041016
185.682354927063
155.82222390174866
157.002614736557
169.92266607284546
187.31639099121094
165.55591106414795
160.55940985679626
