classification_ARO_evaluation:
9940.170013427734
9949.359924316406
10005.11986541748
9990.78995513916
10037.180038452148
10047.580123901367
10094.24993133545
10040.739936828613
10037.560043334961
10061.790000915527
10058.109886169434
9986.689949035645
10028.420082092285
10085.84001159668
10202.910018920898
10154.53995513916
9987.269874572754
10010.829765319824
9977.779808044434
10002.079704284668
10059.499755859375
9968.149757385254
9921.20980834961
9608.61979675293
9309.439674377441
9611.419723510742
9567.689743041992
9599.60969543457
9629.759506225586
9650.419403076172
9712.679550170898
9962.169494628906
9947.859359741211
9884.269500732422
9849.229400634766
9845.849281311035
9774.489273071289
9833.999450683594
9943.189514160156
9884.629669189453
9899.679626464844
9815.349494934082
9920.619659423828
9901.949607849121
9989.449584960938
9931.369415283203
10112.9994430542
10167.289421081543
10150.959396362305
10148.95930480957
10101.14948272705
10072.629295349121
10085.649391174316
10065.53946685791
10065.649284362793
10167.649536132812
10125.69962310791
10120.519470214844
10052.61962890625
10077.679496765137
10090.779518127441
10101.969535827637
10085.579559326172
10046.30972290039
10057.639617919922
10035.959533691406
9980.40958404541
9973.239616394043
9913.939712524414
9825.76959991455
9962.829605102539
10041.419631958008
9971.979629516602
10012.869750976562
9942.329566955566
9832.26976776123
9957.50968170166
9941.939811706543
9931.299751281738
9923.189651489258
9916.549713134766
9942.819686889648
10024.789451599121
9962.23934173584
9952.09945678711
9845.849548339844
9725.279373168945
9997.379417419434
9902.569343566895
9869.329216003418
9972.959243774414
10006.489311218262
10009.329444885254
10010.609390258789
9930.499488830566
9902.319290161133
9851.09928894043
9852.439270019531
9806.69928741455
9856.419128417969
9809.449195861816
9878.979118347168
9879.139152526855
9815.849174499512
9800.169105529785
9806.149070739746
9878.728958129883
9927.258926391602
9907.118789672852
9946.638717651367
9994.448684692383
10023.378578186035
9978.128639221191
10026.298835754395
9997.618812561035
10050.78890991211
10023.178871154785
10036.548919677734
10091.428955078125
10086.478820800781
10173.138847351074
10221.538986206055
10230.428802490234
10255.77880859375
10253.018829345703
10166.818855285645
10168.49878692627
10100.678680419922
10162.588577270508
10153.69856262207
10125.7486038208
10118.258811950684
10111.298614501953
10085.758850097656
10093.78865814209
10036.878700256348
9997.63860321045
10032.758811950684
10073.328704833984
10066.878692626953
9999.518768310547
9909.938705444336
9939.748733520508
10027.508728027344
10050.298713684082
10139.628677368164
10117.308555603027
10053.548454284668
10043.468544006348
10036.808685302734
9986.208625793457
9932.23853302002
9881.228546142578
9857.378494262695
9986.128616333008
9973.67864227295
9965.708625793457
10064.528831481934
10084.928825378418
10210.678749084473
10150.578651428223
10045.538848876953
10102.128791809082
10219.238807678223
10285.218894958496
10247.818870544434
10293.918960571289
10307.31901550293
10356.508949279785
10385.248748779297
10360.138885498047
10359.858871459961
10396.86880493164
10427.988662719727
10347.04866027832
10331.438568115234
10283.458557128906
10202.318634033203
10230.07852935791
10245.908500671387
10241.008598327637
10292.008682250977
10253.308868408203
10218.798751831055
10179.628677368164
10192.63875579834
10064.138679504395
10069.898643493652
10032.738761901855
9922.69881439209
9959.24887084961
9964.34880065918
9877.118873596191
9880.818855285645
9891.928771972656
9870.72885131836
9920.188766479492
9863.438781738281
9847.838775634766
9856.948760986328
9722.568717956543
9719.728614807129
9813.088539123535
9758.238594055176
9792.838584899902
9794.938652038574
9931.468482971191
9926.538581848145
9962.098571777344
10020.178665161133
10010.898574829102
9999.718589782715
9991.29859161377
10237.60865020752
10591.418495178223
10669.448509216309
10748.438484191895
10798.348388671875
10810.088356018066
10683.028411865234
10716.928245544434
10808.668357849121
10777.688362121582
10749.278335571289
10777.358345031738
10826.43830871582
10918.83829498291
10866.578330993652
10835.408348083496

classification_ARO_losses:
0.002256399020552635
0.005177940707653761
0.0018772908952087164
0.0032168347388505936
0.0025802396703511477
0.0012833481887355447
0.0022200581151992083
0.0025820836890488863
0.0016804937040433288
0.0017056138021871448

classification_ARO_total_time:
1935.9355981349945

classification_ARO_times_per_stock:
Average time per stock = 193.59355981349944
178.59433817863464
181.45869708061218
170.75561332702637
196.08090591430664
170.35175704956055
190.98022508621216
236.15672326087952
210.1631622314453
219.85519790649414
181.538978099823
